62.0
89.33333333333333
53.666666666666664
61.333333333333336
65.0
70.0
52.0
74.33333333333333
30.0
49.0
64.33333333333333
63.666666666666664
67.66666666666667
48.666666666666664
49.333333333333336
74.66666666666667
56.333333333333336
73.0
65.33333333333333
52.0
39.333333333333336
55.666666666666664
51.666666666666664
83.66666666666667
77.66666666666667
82.66666666666667
58.333333333333336
64.33333333333333
62.666666666666664
56.333333333333336
51.666666666666664
72.66666666666667
68.33333333333333
73.66666666666667
60.333333333333336
61.333333333333336
82.66666666666667
79.33333333333333
48.333333333333336
75.0
58.0
86.66666666666667
61.0
61.0
67.33333333333333
52.333333333333336
70.33333333333333
63.333333333333336
72.33333333333333
70.33333333333333
47.666666666666664
50.666666666666664
64.0
45.0
35.0
83.66666666666667
55.0
64.0
60.333333333333336
71.0
73.0
35.0
85.0
59.333333333333336
60.333333333333336
84.0
75.0
51.666666666666664
73.0
73.66666666666667
65.66666666666667
44.333333333333336
71.0
54.333333333333336
73.66666666666667
60.666666666666664
61.333333333333336
85.33333333333333
53.666666666666664
36.333333333333336
73.66666666666667
58.666666666666664
57.0
57.0
63.0
49.666666666666664
42.0
65.66666666666667
36.0
34.0
70.33333333333333
81.33333333333333
54.666666666666664
61.666666666666664
42.333333333333336
69.66666666666667
68.33333333333333
55.0
73.0
53.333333333333336
63.333333333333336
52.0
58.666666666666664
58.333333333333336
66.0
47.0
80.66666666666667
66.33333333333333
62.0
87.66666666666667
59.666666666666664
50.666666666666664
49.333333333333336
35.333333333333336
55.666666666666664
41.333333333333336
39.0
63.666666666666664
63.666666666666664
92.66666666666667
81.33333333333333
90.33333333333333
61.333333333333336
55.0
72.0
63.0
59.333333333333336
66.66666666666667
50.333333333333336
57.0
76.0
62.666666666666664
56.333333333333336
47.0
69.66666666666667
63.666666666666664
84.0
79.33333333333333
85.66666666666667
94.66666666666667
32.333333333333336
76.0
38.333333333333336
58.666666666666664
67.66666666666667
42.666666666666664
58.666666666666664
60.333333333333336
56.333333333333336
46.0
43.666666666666664
47.666666666666664
56.0
65.66666666666667
46.666666666666664
77.66666666666667
66.66666666666667
50.666666666666664
49.666666666666664
47.333333333333336
64.66666666666667
50.666666666666664
52.666666666666664
52.333333333333336
80.33333333333333
74.66666666666667
44.0
59.666666666666664
81.33333333333333
74.33333333333333
63.0
38.0
60.666666666666664
80.0
40.666666666666664
54.0
67.33333333333333
38.0
55.0
69.0
47.333333333333336
52.666666666666664
32.666666666666664
43.0
69.33333333333333
74.0
55.666666666666664
79.66666666666667
47.666666666666664
71.0
61.026315789 62.105263158 60.647368421